0.00314020416959981
0.002617558622641594
0.0026518551955452196
0.0025270941473368863
0.001394375976171502
0.0012759411442499807
0.0011801370066575796
0.0010661634499062292
0.0010815422060655073
0.0010409110418036654
0.001115415062378267
0.0010999520388399928
0.0010996666005504865
0.0010003413543836516
0.0007626495194323709
0.0007413799276452939
0.0006138281765081022
0.0005410440956622894
0.000502905575528071
0.0005977773037283998
0.0006157871147049745
0.0006382038532726377
0.000740434878368234
0.0007181811053107754
0.0006806663210915889
0.0008162082854152032
0.0007887579068254256
0.0008668273854208468
0.0007812442478348447
0.0006705646801036594
0.0006642242634028823
0.0005641242756428435
0.00030933365780209444
0.0002105829251696133
0.00015783197323023413
0.0001271627632922505
8.633385793858244e-05
8.293732133382811e-05
4.38769016922894e-05
4.108867074226881e-05
1.739525436720327e-05
1.2372852744474445e-05
1.974859426023134e-05
7.402497184666343e-06
8.022222076860557e-06
1.8097565483285435e-06
6.137159703365874e-06
0.0
0.0
0.0
0.0031994352628246796
0.0028746271011613343
0.0025159659829726644
0.002605209932546255
0.001407719991374732
0.0012628484770269392
0.0011535220113173704
0.0011672710175430346
0.0011223722404586104
0.0011371069716430554
0.0011674774904436838
0.0011071758415851854
0.0012086460252759398
0.0010370192626307677
0.0007874683033366896
0.0007403857825629208
0.0006411925162127823
0.0005535846252206931
0.0005937212123991165
0.0005757339902718928
0.0005953442549941294
0.0006665460106897827
0.0007393495959581449
0.0006536131021144933
0.0008080937706549891
0.0008645678494806739
0.0007613802518607631
0.0009151336417225457
0.0007888230281268329
0.000701054471125899
0.0006794204008520155
0.0005713183201110817
0.00029149467419650076
0.00021967142152335212
0.000168183337906427
0.00013189820958106407
8.869960432497785e-05
6.264777440258309e-05
5.594859590728269e-05
4.399497819054044e-05
1.6684863798335203e-05
1.5870447761665967e-05
1.3397371784892402e-05
4.997018023874405e-06
6.677871129198052e-06
5.064186550044512e-06
0.0
3.34953828785739e-06
9.027308762818699e-07
4.931721599722008e-07
0.0032777927680556524
0.002909185079299733
0.0027870906167204424
0.0027805365104078116
0.0016333915170017419
0.0013687451258079342
0.0013297242601688075
0.0012638448178680438
0.001227851346425195
0.0011683436256981299
0.001194912857443998
0.0011255499389834045
0.0011890981998983815
0.0011096433502872209
0.0007553242184624248
0.0007444219636394986
0.0006330735113390762
0.0005654307725622645
0.0005799037932834398
0.000671777999969553
0.0006338454382245136
0.0006936746983284038
0.0007970545277105357
0.0007522390660124499
0.0007662904179672738
0.0008471431029437956
0.0007737276873658352
0.000870387955995715
0.0008045896571660603
0.0006429004718931354
0.000673324652543326
0.0005593912621965055
0.00036111938130492624
0.0002480152212337149
0.00014721746887693277
0.00011781311197011905
0.00010781936726357759
5.88106248113971e-05
5.3319108846482536e-05
5.1111076698269554e-05
1.8624782541581868e-05
1.7171824902543214e-05
1.402358767233757e-05
1.3340958978850364e-05
7.661952346301877e-07
6.076069858314404e-06
5.627702321829337e-06
0.0
0.0
0.0
0.003665871783100978
0.0030873357178712382
0.003063871531674786
0.0030657930253824317
0.0018722048766312033
0.00175976803741259
0.0015481001426397138
0.001510440154874322
0.0014234016341837662
0.0013638828508291932
0.0014195485350886159
0.0012697572614263194
0.0013189273132691748
0.0011973995740986502
0.0009304320229512927
0.0008902054103365612
0.0007780304353691941
0.0007011483527938015
0.0006418133142693104
0.0006942362938286569
0.0007263259681308849
0.0007364294792216002
0.0007854081625516359
0.0007646990364128675
0.0008149315512598126
0.0008711754122306151
0.0008271716687334929
0.000883790431656663
0.0007711506846054726
0.0006628535570874768
0.0007180658057411925
0.0006540977706545709
0.0002637028302800707
0.00021299523278038048
0.00015306558499544447
0.00012205933133811304
9.459607831570355e-05
6.269570620779361e-05
5.96598542806852e-05
5.207754811827242e-05
1.687024331060328e-05
7.798989547687622e-06
9.765580696673495e-06
7.942706684529453e-06
6.521104179747646e-06
1.161587735240918e-05
0.0
1.404471441304523e-07
2.695278259278875e-07
0.0
0.002956235972755474
0.0026592099538281116
0.002630198034734177
0.0026649451316166856
0.0013168174508980941
0.0012006136735940717
0.001187427499556868
0.0010388983910762
0.001034542547486646
0.0010081603952409506
0.0011248094476038974
0.0009806302418296283
0.001066800084595243
0.0009865471842910802
0.0007960255188016145
0.000728922214560062
0.0006133985687858442
0.0005290723708369642
0.0004984440310413463
0.0005756204546333763
0.0005798219231863078
0.0006791166722039704
0.0007381860881750248
0.0006356725805356447
0.0007109807334891664
0.0008826433120416469
0.0008028233787605298
0.0009476781333651677
0.0007920439440701615
0.0006588564340186175
0.0006925075392145768
0.0006216981996985154
0.0003580494675984823
0.0002576422136430855
0.00014146461400646828
0.00013695964779185857
8.366363947543478e-05
4.3240028877455134e-05
5.217947425961556e-05
3.906417246734302e-05
1.3891959005563427e-05
1.4538062790283203e-05
1.8358924226819537e-05
1.3045299427883875e-05
3.8663657068455446e-06
5.809151109519705e-07
1.5624625550830396e-06
8.919610008082249e-07
0.0
2.149346918700404e-07
0.002965780421399012
0.0026154561797920215
0.0026757825385176188
0.002501592517638207
0.001394330048700754
0.0011665330069267077
0.0011018009963897108
0.0010140188397124517
0.0010642039391046583
0.0010762865148255568
0.0012301672989246057
0.001080789818502424
0.001088195893948042
0.0009804700658464797
0.0007659105313762542
0.000664020444320197
0.0006237699069326584
0.0005561225958567061
0.0005469604039584202
0.0005486400891632125
0.000606510490669475
0.0005846956849089363
0.0007871344749453455
0.0007634623716585819
0.0006690150512569206
0.0008157392926775436
0.0007856798886923816
0.0008782967805621017
0.0007618976890314084
0.0007207155509653118
0.000618566274791525
0.0006010610934106624
0.000319310981390198
0.00019253072003683414
0.00014913020133892305
0.00014134180815362723
9.113530702896718e-05
8.631032030823164e-05
6.085649596324272e-05
4.2682054496928016e-05
1.8701061737382834e-05
9.025782546921036e-06
1.6348619677338566e-05
6.698798890338153e-06
6.788168497594693e-06
4.599456255470225e-06
2.324593515566859e-06
0.0
0.0
1.901948675215903e-07
0.0030809964289782448
0.002689673335550912
0.0026189379752021625
0.002456508483359617
0.0012932445870337237
0.0012078841415873443
0.0010524572686549387
0.0011461501079486351
0.0009732460118175783
0.0011131868714292152
0.001166889646731915
0.0010723017227376626
0.001139912125722325
0.0009524599079970743
0.0008408865797124306
0.0007154408503665462
0.0006405923361861375
0.0005456115866712829
0.0005007956614333363
0.0005505062338071097
0.0005808449602977885
0.0006554704983332645
0.0007203896630154147
0.0007442834786801803
0.0007056487377132171
0.0007766556591853946
0.0007225544868777038
0.0008604678462575613
0.0007256428009759258
0.0007436211660468414
0.0006265534078550172
0.0005673115609276372
0.0003310957418273122
0.0002650510501150309
0.00017473379992753257
0.0001266348074097414
9.339246708434157e-05
6.585858838824475e-05
7.114194466493054e-05
2.806837031149817e-05
2.611756611429617e-05
1.9016080778424235e-05
1.4551400067481593e-05
2.8558411996538732e-05
6.5427430222398895e-06
8.191506734546048e-06
2.4865487648581347e-06
0.0
1.6389861072706634e-06
9.387134748127427e-07
0.0031104169228175164
0.0027751917455683564
0.002418333885533566
0.0025075151245974154
0.0013487553665522995
0.001264734737058107
0.0011298443264899168
0.0010631960129199628
0.0010164730034471674
0.001081570733979759
0.001201018652749671
0.0010654395711522234
0.0011416263189288152
0.0009023941917846827
0.0008199968769640014
0.0007660011046021276
0.0006177862263820209
0.0005945878900869903
0.000532661784844693
0.0005827512734118788
0.0005360150502746034
0.0006038138847227617
0.0006957433687739432
0.0006851773371884413
0.0007359978128976888
0.0007684187557576157
0.0007849664827688662
0.0008727847349470159
0.0008210993840986288
0.0006971691525346075
0.0007463227850554808
0.0005467461038220019
0.0002921662618201907
0.0002986048363527287
0.00012764592386497152
0.0001245578961223368
9.217775908336199e-05
6.411568061340387e-05
6.207062008828604e-05
4.675617951715357e-05
4.0944636998633215e-06
1.4926201332912179e-05
1.2108678551248012e-05
1.145184398634573e-06
3.7202319751196664e-07
7.00079272808304e-06
3.605980001223359e-06
0.0
1.0945699956433914e-06
0.0
0.0031319408244844743
0.002806117770361754
0.002535928542269984
0.0025087627515042463
0.0013586252486391269
0.0011640877355402217
0.0010754472875375645
0.0010454666684255153
0.000950063125169634
0.0011327950255702037
0.0011855924080416327
0.0010502332069219856
0.0009849468229394048
0.0009725815945847849
0.0006965200899607524
0.0007091382238988485
0.0006606037704669183
0.0006187817118968838
0.0005475877452609418
0.0005719859839874094
0.0006160639297369886
0.0007401785041874717
0.00075599642872983
0.0006202341004150387
0.000648504923990032
0.0008342757566575269
0.0008175012039595742
0.0008171726403008014
0.0008346661358896918
0.0006671817410897313
0.0006400364715518334
0.0005404027485072124
0.00028807315198211295
0.0002216228137426489
0.00015321942479845752
0.00015244926025187157
9.354120511471664e-05
9.232046695471152e-05
7.028950700929416e-05
4.998845485074628e-05
1.8427761248352168e-05
1.2751546982265703e-05
1.3941354001755351e-05
3.2649528694110334e-06
1.0377215164160464e-06
1.7301818808867188e-05
9.286253782285104e-07
0.0
6.305669120210538e-07
9.924147663688708e-07
0.0031369098903652154
0.002664564835551983
0.00259530380227388
0.002568380040297427
0.0013448256391819142
0.0012179934501274953
0.0011124741358345522
0.0010732134377449008
0.0010071094079312562
0.00099732536500529
0.0010861201177132013
0.0010150577788230527
0.0010203559721871274
0.0009196608469785372
0.0007639987871223124
0.0007666040796770567
0.0006195000841496399
0.0005383231061057312
0.0004989396316550615
0.0005851010565923231
0.0005855918027215474
0.0006785135453630693
0.0007513053718023765
0.0006667923691633025
0.000701996494077236
0.0007826808821531232
0.0007881055611385064
0.0009668138445386236
0.0006944811200490945
0.0007261630710027274
0.0007240521686119615
0.0005947857658605165
0.00033270417494231423
0.0002633744865259403
0.00014887522853676858
0.00013734496757727751
9.052987199699047e-05
5.9118036801836974e-05
5.5735774339085725e-05
4.182500587331466e-05
2.558190131498863e-05
1.136979720233972e-05
7.609371494479871e-06
1.6099973561519335e-05
4.784882965870335e-07
1.1356845977750003e-05
0.0
0.0
3.9899528147163874e-07
4.5872483395013346e-07
0.0030014707579215957
0.002597554494109046
0.0025058690379334875
0.002588989857313587
0.0013113445088398957
0.001150761532370509
0.0011195941079262127
0.0010343843562716992
0.0010334461310042853
0.0010209754626270585
0.0011834841405526145
0.0011088979604124058
0.0010552284185371557
0.0009546412408470631
0.0008363197923739388
0.0006923850664651563
0.0005944360038985951
0.000525923246609952
0.0005393971057995656
0.0005229078047453781
0.0006185631469315449
0.0007023660965298437
0.0007072348534566368
0.0007032506627843066
0.0007147605602118276
0.0007757077313295653
0.000766501468102988
0.0008561364328860668
0.0008344327556595447
0.0007077895738155064
0.0007218690992507566
0.0006093637263828269
0.00031951687234395325
0.00021432255720503396
0.00012607836227434725
0.0001367774390628862
8.744752905880289e-05
4.4248447086698765e-05
5.407503369451081e-05
3.633487195524404e-05
3.0621337701231234e-05
2.5402109988824145e-05
1.9941484360843762e-05
1.1271883172740065e-05
7.720968478508007e-07
6.548144386652273e-07
0.0
0.0
1.1271951801194105e-06
1.8220680421063736e-07
0.0029862533645892073
0.0025803388626296562
0.002666159994033781
0.002425574023391648
0.0012967219603971212
0.001254928239276742
0.0010795369349006012
0.0010442004884279965
0.0009933895002325653
0.0010278465763893761
0.0011752059431351723
0.001016380635464861
0.0010197401057532144
0.001004489342313371
0.0007828999569872018
0.0006536950759614772
0.0006433307769797079
0.0005585128096261222
0.0005589096909812881
0.0005827602131801368
0.000566618005990424
0.0007157433471674709
0.000761285776154305
0.0006847044866522887
0.0006931570690894815
0.0008034572346328148
0.000756031118553411
0.0008656304456841344
0.000760881446547958
0.0006788677367233453
0.0007136254683271752
0.0005311415017373029
0.00033588820973974934
0.00021888945941022156
0.0001517793830790455
0.0001505760519397805
9.250305829697371e-05
6.47297462327678e-05
5.070551070571008e-05
4.810281354522092e-05
1.7805614982888927e-05
1.7687551670003755e-05
2.2983607770867173e-05
1.294138056122876e-05
3.165236623111906e-06
7.643359043809338e-06
0.0
0.0
0.0
0.0
0.003035083385110726
0.002658845857331075
0.002495268985049728
0.002504035167829947
0.0013795496199309634
0.0011380389251180564
0.0011111249900439763
0.001112020299643344
0.0010318631781547627
0.001035088956896412
0.001115476497051694
0.0009599418307797769
0.0010390619500511098
0.0009263973245127744
0.0008461142704007197
0.0007678540612773448
0.0006730894486872686
0.0005309807530413961
0.0005088795819064751
0.0005786102367557383
0.0004954003924266558
0.0006546287634243028
0.0007915207173629663
0.0007236849780123606
0.0006482167343711627
0.0007851770798995102
0.0007901599267661313
0.0008507200781230778
0.0007962189888477687
0.0006989134592808474
0.0006436567866313064
0.0005589422150497861
0.0003104794207542344
0.0002499042373131616
0.00016863936836196945
0.00014971376670811415
8.0996905042487e-05
7.247725905890461e-05
5.601964584972283e-05
2.9918378075316904e-05
1.640079766785929e-05
1.999633597901969e-05
1.9693670433929025e-05
2.3825290941278884e-05
4.6094221052821495e-06
7.067673741942713e-06
1.812071313789734e-06
0.0
0.0
0.0
0.0030296805931854737
0.002756020562947782
0.00248840186986936
0.0025946922557667537
0.0013379435854807577
0.0011436712757908363
0.0011142161072490958
0.0011283027823805268
0.0009740537046914714
0.0010173622637180432
0.00113245088000757
0.0011317769223485813
0.0010404130918303615
0.0009550215354735015
0.0007992435134013461
0.0007188541234750864
0.0005941534255760427
0.0005219028131826486
0.0005125523948177122
0.0005394880307034202
0.0005994086874969649
0.0006220701959684762
0.0006968527074493588
0.000759399476839033
0.0007653417191180609
0.0007695328241716137
0.0007936956441047211
0.0008863730479104435
0.0007286963379667276
0.0006675414759619237
0.0007221579184354108
0.0006185137276226191
0.0003227116996951636
0.00027666561438939667
0.00014619545459907275
0.00013761084988361894
7.69972370486166e-05
6.78187138432546e-05
5.387465756992455e-05
3.388808701548305e-05
1.5142159965266378e-05
1.123306712871486e-05
1.0171724778644099e-05
8.099999724088057e-06
4.500917231988959e-06
8.561655558913125e-06
0.0
0.0
4.294976392880393e-07
0.0
0.0030234972234967615
0.0027003597497396673
0.0024223740152681974
0.002599190403461675
0.001402321783720477
0.0011849225462486094
0.001175622140560082
0.0010992992637595493
0.0009895970817129364
0.001089601333122328
0.0010671775490962115
0.0010820119990097
0.0010131680759534825
0.0009923469684306279
0.0009305993856893703
0.0007192978307808795
0.0005941174565754529
0.0005077383020521621
0.0005148616080197652
0.0005673709013522464
0.0005367285614545794
0.0006559523742849249
0.0007359354893834664
0.0006686427684858029
0.0006793897273715282
0.0008281777999884108
0.0007943394909310742
0.0008744520383262256
0.0008055642811805219
0.0007331639245232416
0.0007190667342366825
0.0006246127978445288
0.00030204724956474545
0.00024290221373039845
0.00015570337442777417
0.00011516919496634688
0.00010779086824103921
6.10505684545251e-05
4.2551492290137596e-05
2.6452906533630864e-05
1.5043081160616227e-05
2.2897660937369712e-05
9.151556661543445e-06
1.642718954682939e-05
1.8759928577180304e-06
8.350693552346646e-06
5.552657803301433e-06
4.48593947246925e-07
0.0
1.8592684917984817e-06
0.0031978198655906636
0.002550239844191151
0.002495178199228751
0.002639838737251667
0.0012913081926266357
0.0012202513504372744
0.0010576792318872537
0.001033554531891706
0.000981986807684115
0.001033719154875592
0.0010941443548992747
0.00104906910528303
0.0010169126508666664
0.0010208580566753132
0.0007912024473494665
0.0007300412287677748
0.0005753071671814483
0.0005544015352071751
0.0005345462963589899
0.0005926197649087095
0.0005663181998138757
0.0006093787059302725
0.000698524721093083
0.0007061020550041559
0.0006971542983032563
0.0008057850596043309
0.0007857677745005554
0.0008915836228583806
0.0007925866016844175
0.0006686046389861082
0.0007053772634948932
0.0005915527880637104
0.00031966708529280503
0.00022750737274470842
0.00015694560317895722
0.00013904795486950936
8.779736895991273e-05
7.696702408118389e-05
5.3302352503691925e-05
4.725832222625693e-05
1.787998296132372e-05
1.044216669531154e-05
2.5681784031135516e-05
1.1639786952793164e-05
5.145861367906418e-06
5.613134383147898e-06
0.0
0.0
0.0
1.3908337520406876e-06
0.0030755306263182684
0.002671924720764118
0.0025538885784090947
0.0024592995538342045
0.001309341578334084
0.0011181031246398502
0.0011413798498341498
0.001105133196179318
0.0009819774753628122
0.0010985165231412785
0.0010844701558160757
0.0011161357339535215
0.0010823121730692156
0.0009694015094303906
0.0008225391191727229
0.000714811699184683
0.000685561007426544
0.0005619596828237784
0.0005512302030649689
0.0004867105345729414
0.0005518311289566258
0.0006873981148750624
0.0006887218733760692
0.0006674406670495673
0.0007660874264636564
0.0008412526970393289
0.0007775880472848133
0.000819655188724538
0.0007943125368076365
0.000652613102833565
0.0006446168034989622
0.0005735893671229165
0.0003061079446940906
0.0002512372148912815
0.0001204363039956196
0.00011393997387131888
7.001462342988277e-05
7.976811183859619e-05
4.8868386971551943e-05
2.44821313214968e-05
2.629831016667169e-05
9.628564239996004e-06
1.297920823595546e-05
7.83859114200615e-06
1.5149916456733134e-05
5.299497268583896e-06
0.0
9.412081464502128e-07
0.0
0.0
0.0030291145663338156
0.002716617829412523
0.002430305596145022
0.002601887489240826
0.0012642572898198606
0.0011576482431053365
0.0011306819155636524
0.0010268305477569009
0.0010306760876249179
0.001117110289328043
0.0012369816218901456
0.0010802694075455798
0.0011481905900512016
0.000968237955444193
0.0007337252933052901
0.000703641851171176
0.0006225976000177616
0.0005362060360291195
0.0005173497085994421
0.0006093765997884382
0.0005640994870115285
0.0006255983768920652
0.0006943571252643005
0.0007254417686287661
0.0006742481297272
0.0008246243774747198
0.0008363802090381208
0.000847186351705457
0.0008133467082125013
0.000702355814417794
0.0006922221792677903
0.0005801043644231189
0.0003321434751926274
0.0002894164504586033
0.00014536896742498834
0.00013306166762877208
9.25564565640141e-05
7.306638693077341e-05
6.695886288869641e-05
2.5665725744626958e-05
2.308328977190508e-05
1.0916474129412741e-05
1.4517832399175587e-05
1.0118486159962807e-05
1.4330779150668507e-06
1.2880298973877314e-05
3.215595648219498e-06
0.0
0.0
1.216294757015357e-06
0.003023605779803677
0.0025893311391426864
0.002555971668303314
0.002572412715317546
0.0013828762254799712
0.0011567421771680132
0.0011773191895939927
0.001041205666202081
0.0009608009948653463
0.0010999678829492498
0.0010807528643371144
0.001073350072933174
0.0011069449259919148
0.0009538661206597025
0.0007718805292542611
0.0007244019102901942
0.0005945119894703417
0.0005638474391959097
0.0005089332469847651
0.0005541418770692369
0.0005838038790187539
0.0006608202514964694
0.0007000269169298306
0.0006365940505571532
0.0007620586781666504
0.00082442142930361
0.0007729734724988467
0.000838529369556156
0.0007478123424406497
0.000669479404954804
0.0006523059062064238
0.0005711544727489194
0.0003004657164109478
0.0002616591063093548
0.00014314700714037308
0.00016117886472083443
9.25411074679547e-05
7.459747858734137e-05
4.450891328827178e-05
3.9043197574710483e-05
1.46325002302847e-05
2.1513904545013472e-05
2.2550191540537587e-05
4.8453267691731285e-06
1.96419403584417e-06
3.3225687403014297e-06
0.0
0.0
0.0
0.0
0.003056662432645675
0.0029053236325424624
0.0024987693741511663
0.00252920107788809
0.0013445613499662348
0.0011961722387529906
0.0011161185327553406
0.0011199615679431366
0.0009685169655656749
0.0010250785059098089
0.00117885509438121
0.0010647281518433136
0.0011857104088560573
0.0009576892803276908
0.0007294966416011743
0.0006909765927480481
0.0006192047385014968
0.0005943528168769243
0.0005286743268682947
0.0006211580571862806
0.0005696770330248823
0.0006159635214423878
0.0007273092127768479
0.0006767505386114813
0.0007262896867874074
0.000831821948844067
0.0008388983424010046
0.0007819591077229916
0.0007944289367372098
0.000710419843143531
0.0006723332765657359
0.0005494568982037838
0.0003166903510695511
0.00024895546363801137
0.00014439107882730377
0.0001372368135838
9.33192229813325e-05
5.0527745489343175e-05
4.870841936372891e-05
3.2207725725880966e-05
8.30772422158779e-06
8.960147294577083e-06
1.3532822805444025e-05
1.816409190245222e-05
5.919215714547716e-06
2.1312692355627362e-06
3.043670818238187e-06
0.0
1.6303230566504815e-07
0.0
0.002983310538595558
0.0025399693151030925
0.00251994650663985
0.002641464374560441
0.001315109714384751
0.001087542324113073
0.001115007828992528
0.0010132349290204962
0.0010432021551219034
0.001106145961112157
0.0011085268577930333
0.001094192185811206
0.0010192682476501994
0.0009262600325916155
0.0008145822272617851
0.0006586145207465481
0.0005708434474848181
0.0005271504446546002
0.0005122028547158963
0.0005738965064608689
0.0006330933073887469
0.0005989119416772179
0.0007563480897216098
0.0006710755660267135
0.0006501429869226195
0.0007771305420795359
0.0007297648631172873
0.0009416739719173685
0.000822318467950027
0.0007249664966929722
0.0006579294835312984
0.0005579396587029503
0.0003117895856830502
0.0002383196604050921
0.0001506836886970761
0.00012706941886859554
0.00010725510079353598
6.872220521884602e-05
4.8943375166761924e-05
3.332284106459158e-05
2.2445668186759503e-05
1.4066182648759128e-05
1.6135760126328618e-05
1.2810461054427847e-05
1.8054530085075687e-06
7.176746622618388e-06
3.5200799494440604e-06
0.0
0.0
0.0
0.0030335457403324532
0.002737253283878631
0.00257849177007136
0.0024469266315725524
0.0014300668652405689
0.0011259014758979236
0.0011110986455311546
0.0010306388472746798
0.001057692477760863
0.000996948382645473
0.0011299373394790917
0.0010919589788037196
0.001059315753672269
0.0008938327135611846
0.0007588399083868211
0.0007045419218282121
0.0006578577156151512
0.0005499739505935891
0.0005226003514958256
0.0005567267081313868
0.0005985384114972512
0.0006685343596080345
0.000766044943402371
0.0006809727395261536
0.0007161293956949814
0.0007610216352534373
0.0008346954838314787
0.0008655430554253181
0.0007451468111876406
0.0006409934277265866
0.0007117664334183045
0.0006166778319858454
0.0002664972018474965
0.00028147083502970925
0.00013758830086589696
0.00015440975544403924
8.159534294482326e-05
6.147114875510682e-05
6.070042555827937e-05
3.764992963726982e-05
1.7771863905210826e-05
2.5392645760952138e-05
1.792958479140949e-05
4.943015060886468e-06
4.426205275954776e-06
9.335205710925858e-06
0.0
0.0
0.0
4.497980906626946e-07
0.0030604612473481623
0.0026915991875071914
0.0024685538306609914
0.0026260525734100888
0.0013373690743451179
0.0012416285704764149
0.0011005276491257458
0.001033868020967131
0.001031574904972371
0.0010863244977518264
0.0010897301078053774
0.0010716593992109186
0.0011316807538644742
0.0009682495455262135
0.0007813884190746048
0.0007278684383152398
0.0005630273736978326
0.0005344668313784726
0.0005443631146149345
0.0005702063476128397
0.0005206883281652627
0.0006813568950527161
0.0007087640912444938
0.0006692878591769057
0.0006226971799244881
0.000831567724067141
0.0008170491908675743
0.0008684597687287161
0.0007327780145073377
0.0006715666880826598
0.0007045771338123304
0.0005559037738483407
0.00033001930084230417
0.0002624817460439666
0.00018559759135082426
0.0001431411817630207
0.00010414310917641549
6.556045253112598e-05
3.679062946577036e-05
2.9606521310014278e-05
2.1425111542354948e-05
1.0617419119644427e-05
1.5595907180857296e-05
3.0402537217359235e-06
1.5863535295763981e-06
0.0
0.0
0.0
0.0
0.0
0.002960036067649069
0.0028149394650359327
0.002519691689470267
0.0025323983544350095
0.0013199410584644937
0.0011625214040403252
0.0010720717139927748
0.0010697837970366888
0.0010450774596110722
0.0010191965763618439
0.0011682508742918026
0.0011009803473064443
0.0010668608551758355
0.0009222310389437884
0.0007760604064988675
0.0007475593192001465
0.0006502098938726686
0.0005914752757848364
0.0005296512359320301
0.0005369706921064502
0.0006301448715926341
0.00060221811203663
0.0006486103687718304
0.0007090380594031661
0.0008097405705090234
0.0008173569794224125
0.0008025766168641879
0.0008808560559031722
0.0007388057265117232
0.0006446767442746405
0.0006896535811877448
0.0006136405842458099
0.0003027500055814834
0.00023763314795484757
0.0001540976154210745
0.00011416234994877564
0.00011164181604312314
5.6546656198560486e-05
6.109513373500163e-05
3.667279826222843e-05
1.572042123119262e-05
7.000172688758026e-06
1.0952656775936882e-05
7.185613247633961e-06
3.7899724642624584e-06
1.4947198733549837e-06
3.414529244738296e-06
3.8122637539978646e-06
0.0
2.8709297795222016e-07
0.0030183805872761285
0.002741918399375081
0.0024486649634802246
0.002592196623828449
0.0013007961346629716
0.001132893823778793
0.001128704909269564
0.001079727367699908
0.0010362542383587922
0.0010333510144360113
0.001085152787588813
0.001030218551402649
0.0010541144527789876
0.0010692356465469937
0.000726311435415867
0.0007433307593293386
0.0005727375697248616
0.0005336608742490846
0.0005230630930487826
0.0005715489962932981
0.0005329565849506016
0.0006654534752425907
0.000746113396642679
0.0006943254895552576
0.0006963127865662144
0.0008171809394985872
0.0008444997649660409
0.0008575844343756085
0.0007158951786788315
0.0007254651126481897
0.0006743578361087657
0.0005902181650052332
0.0003108806375882954
0.0002759489357477774
0.00016711044343438824
0.00014467771998182295
8.948696883918083e-05
6.409249391017026e-05
5.259466146804503e-05
4.146628376168923e-05
1.4879872939340878e-05
1.0570992509234979e-05
2.2362719360215137e-05
8.67039803073449e-06
5.084549748703605e-06
2.6536275009437934e-06
9.335289137377009e-07
0.0
1.7459182041396184e-06
0.0
0.002976107966727626
0.002682701774733591
0.0024792146155709874
0.0025185869618409456
0.0012663882099508052
0.0012153360046907407
0.001026491207737536
0.0010461388654414898
0.0010576669047115401
0.0010573643680231823
0.0011248035388332707
0.0010647022573324991
0.0010312118758963812
0.000996870751053212
0.0007647315993534926
0.000742582578045392
0.000572220218546113
0.0004945040596586297
0.0005059635690437565
0.0005408574478006137
0.0005955681882588964
0.0006606455629154727
0.0007633294318818174
0.0007122234343218518
0.000661334691065066
0.0008517368765936506
0.0008468519318614011
0.0008634245868628219
0.0007452929164323557
0.0007178341156513925
0.0006698584550268613
0.0006339781493015496
0.00034115416809687136
0.00022754501705905445
0.00016123105112242537
0.00010625846022428327
9.240957377625585e-05
8.855095530784188e-05
6.032664578413646e-05
2.851807501920755e-05
1.560329690067086e-05
2.136650966366566e-05
1.463505571694723e-05
3.5291065046800867e-06
6.0328950496591666e-06
6.588151503246288e-06
0.0
0.0
0.0
3.5343795434316477e-07
0.0030196655219213034
0.002604064945494565
0.002566215226142764
0.0025791835337221516
0.0013506477148719552
0.0012553472170100113
0.0010695243680342848
0.0010050593594239207
0.000989725583710203
0.0010708533609948977
0.0012076087069957553
0.0011374584761824856
0.001041086683605048
0.0009339571439736885
0.0008236930975459981
0.0007519152911588164
0.0006101359359293468
0.000555699395669288
0.0005140613769745876
0.0006065913475660362
0.0005546687248899305
0.0006443573001548714
0.0007193448684023525
0.0007228453600549868
0.0006976417837835468
0.0007621350639202542
0.0008062265533718834
0.0008045793855419937
0.0008075370753644133
0.000706650965682286
0.0006858417555489801
0.0005986589511927877
0.00031463284266041797
0.0002109388886203649
0.00015147304482842654
0.00012148903526096665
9.85216840075615e-05
6.606097883241334e-05
5.858663397000936e-05
3.8875714282679895e-05
1.2646490113323028e-05
1.7025506662017517e-05
2.2159764505532254e-05
1.1842130028700344e-05
0.0
3.7871514064409586e-06
2.628325056336494e-06
0.0
0.0
0.0
0.0029534873629957965
0.002631173286190545
0.002566428721489248
0.0025504718871003124
0.0013623883629340285
0.00119720058446625
0.0011544778820015
0.0010457217745531628
0.0009943487946701155
0.0010070568960756196
0.0012027248069697005
0.0009541760144149404
0.0010464454002274005
0.0009828229797956354
0.0007376814424127022
0.0006798425652055515
0.0005704318392575098
0.0005089620144230353
0.00046873760901148935
0.0005721779515124421
0.0006430829808338474
0.0006762743365572815
0.0007753954538450743
0.0006491190815821861
0.0006868712524129247
0.0008255532151656702
0.0008561851472417395
0.0008505919215578166
0.0007688930072811774
0.0006333877325300448
0.0007066965419302638
0.0005469072466566028
0.00032965303720169714
0.00025675871653737273
0.00015625694615641511
0.00013031813869453755
0.00010114508504361844
7.715830128912892e-05
5.671687106704104e-05
3.6159653699950294e-05
1.2336417268621489e-05
2.3443345095725314e-05
1.4240451653074828e-05
2.0351834011917562e-06
3.163223732973071e-06
5.843243349505104e-06
0.0
0.0
6.49972814581756e-07
0.0
